roll_deriv = [-0.001
-0.000034
-0.000069
0.017
0.00012
-0.011
-0.00084
-0.0051
-0.00013
0.014
0.0031
-0.19
0
-0.00057
0];