sway_deriv = [0.00012 %Yp_dot
0.0012 % Yr_dot
0.004 % Ypq
-0.0065 % Yqr
-0.055 % Yv_dot
0.003 % Yp
0.03  % Yr
0.024 % Yvq
0.23  % Ywp
-0.019 % Ywr
-0.1  % Yv
0.068 % Yvw
0.027]; %Ydel_r