sway_deriv = [0.00012
0.0012
0.004
-0.0065
-0.055
0.003
0.03
0.024
0.23
-0.019
-0.1
0.068
0.027];