yaw_deriv = [-0.000034%N_p_dot
-0.0034%N_r_dot
-0.021%N_pq
0.0027%N_qr
0.0012%Nv_dot
-0.00084%N_p
-0.016%N_r
-0.01%N_vq
-0.017%N_wp
0.0074%N_wr
-0.0074%N_u
-0.027%N_uw
-0.013%N_delta_r
0];%N_prop