heave_deriv = [-0.0068
0.00013
0.0067
-0.0074
-0.24
-0.14
-0.048
0.045
-0.3
-0.068
-0.073
-0.013
-0.0029
-0.0051
-0.01];