pitch_deriv = [-0.017
0.000053
0.005
0.0029
-0.0068
-0.068
0.0012
0.017
0.1
-0.026
-0.041
0.0035
-0.0016
-0.0029
-0.0052];